Fall 2003
=========
27
12
3
7
5
1
1
= 56

Spring 2004
===========
14
10
18
6
11
1
1
= 61

Fall 2004
=========
10
27
7
7
7
1
= 59

Spring 2005
===========
20
3
6
5
6
6
1
= 47

Fall 2005
=========
9
9
1
4
1
1
= 25

Spring 2006
===========
1
10
4
5
8
1
1
1
2
= 33

Fall 2006
=========
19
30
8
9
1
= 67

Spring 2007
===========
5
9
8
1
8
5
1
= 37

Fall 2007
=========
14
13
8
11
4
= 50

Spring 2008
===========
8
4
24
8
5
3
= 52

Fall 2008
=========
16
22
29
6
7
1
= 81

Spring 2009
===========
11
19
10
4
5
1
2
= 52

Fall 2009
=========
12
10
1
11
12
9
9
1
1
1
1
= 68

Spring 2014
===========
36
31
33
17
12
6
1
14
1
= 151

Fall 2014
=========
21
31
34
1
23
15
18
1
1
= 145